================================================================================ 
ROIs are extracted over35 
================================================================================ 
                 Pattern features are listed below: 

    No Location (x) Location (x)         Size Orientation(w)    Shape(sp) Areal average Total volume      Core(x)      Core(y) Core(areal average)
     1       567.05       168.20      1763.00       -16.72         1.49        41.04     72359.30       578.02       151.61        48.32
     2       677.95       161.32       620.00       -10.75         2.70        58.61     36338.10       681.36       154.27       111.77
     3       656.13       119.85       586.00        35.47         1.03        43.08     25247.50       651.50       121.36        53.15
     4       735.81       208.04        97.00        -8.54         1.36        39.89      3869.60       739.71       203.14        46.54
     5       706.40       191.64       101.00       -65.82         1.18        57.14      5771.50       708.74       190.93        73.61
     6       586.13       226.82        73.00       -75.10         1.13        37.81      2760.00       586.80       226.50        41.59
     7       551.50       142.56        16.00        83.19         1.67        42.68       682.90       553.17       142.83        43.65
     8       615.14       240.65        19.00        83.97         1.00        36.29       689.60       615.50       240.50        37.92
     9       692.72       175.25        13.00        33.45         2.67        64.14       833.80       691.00       172.00        72.60
    10       717.00       196.00         9.00         0.00         1.00        42.06       378.50       717.00       195.25        46.05
                                                                       

